[gd_scene load_steps=17 format=3 uid="uid://y4taei5hmpa5"]

[ext_resource type="PackedScene" uid="uid://dibbuq4i3rrqo" path="res://scenes/db/maps/onemapisenough.tscn" id="1_en7m8"]
[ext_resource type="Script" path="res://scenes/ui/UiMainMenu.cs" id="1_ivhjp"]
[ext_resource type="PackedScene" uid="uid://c4xb7jni5e0r2" path="res://scenes/db/creatures/PFRCharacterBR.tscn" id="2_e2pfm"]
[ext_resource type="PackedScene" uid="uid://s2lqki324awv" path="res://scenes/db/creatures/PFCCharacter.tscn" id="3_nij6m"]

[sub_resource type="ProceduralSkyMaterial" id="ProceduralSkyMaterial_8a1fc"]
sky_horizon_color = Color(0.64625, 0.65575, 0.67075, 1)
ground_horizon_color = Color(0.64625, 0.65575, 0.67075, 1)

[sub_resource type="Sky" id="Sky_osoqg"]
sky_material = SubResource("ProceduralSkyMaterial_8a1fc")

[sub_resource type="Environment" id="Environment_4vfno"]
background_mode = 2
sky = SubResource("Sky_osoqg")
tonemap_mode = 2
glow_enabled = true

[sub_resource type="ViewportTexture" id="ViewportTexture_1n0ge"]
viewport_path = NodePath("Background/Objects/Druid/SubViewport")

[sub_resource type="ViewportTexture" id="ViewportTexture_o5iwd"]
viewport_path = NodePath("Background/Objects/Witch/SubViewport")

[sub_resource type="ViewportTexture" id="ViewportTexture_hkyxm"]
viewport_path = NodePath("Background/Objects/Rogue/SubViewport")

[sub_resource type="ViewportTexture" id="ViewportTexture_hmev2"]
viewport_path = NodePath("Background/Objects/Bard/SubViewport")

[sub_resource type="ViewportTexture" id="ViewportTexture_u0rga"]
viewport_path = NodePath("Background/Objects/Ork/SubViewport")

[sub_resource type="ViewportTexture" id="ViewportTexture_bqcgs"]
viewport_path = NodePath("Background/Objects/Ork2/SubViewport")

[sub_resource type="ViewportTexture" id="ViewportTexture_glxyl"]
viewport_path = NodePath("Background/Objects/ElementalGolem/SubViewport")

[sub_resource type="ViewportTexture" id="ViewportTexture_o26wp"]
viewport_path = NodePath("Background/Objects/Troll/SubViewport")

[sub_resource type="ViewportTexture" id="ViewportTexture_epv3d"]
viewport_path = NodePath("Background/Objects/Slayer/SubViewport")

[node name="UiMainMenu" type="Node"]
script = ExtResource("1_ivhjp")

[node name="Background" type="Node" parent="."]

[node name="Environment" type="Node" parent="Background"]

[node name="WorldEnvironment" type="WorldEnvironment" parent="Background/Environment"]
environment = SubResource("Environment_4vfno")

[node name="DirectionalLight3D" type="DirectionalLight3D" parent="Background/Environment"]
transform = Transform3D(-0.866023, -0.433016, 0.250001, 0, 0.499998, 0.866027, -0.500003, 0.749999, -0.43301, 0, 0, 0)
shadow_enabled = true

[node name="Camera3D" type="Camera3D" parent="Background/Environment"]
unique_name_in_owner = true
transform = Transform3D(0.976224, 0, 0.216763, 0, 1, 0, -0.216763, 0, 0.976224, 1.43077, 1.96739, 7.05409)
current = true

[node name="Objects" type="Node" parent="Background"]

[node name="onemapisenough" parent="Background/Objects" instance=ExtResource("1_en7m8")]

[node name="Druid" parent="Background/Objects" instance=ExtResource("3_nij6m")]
process_mode = 4
transform = Transform3D(0.516324, 0, 0.856393, 0, 1, 0, -0.856393, 0, 0.516324, -0.731099, 0, 0.895917)

[node name="ResourceBars" parent="Background/Objects/Druid/CollisionShape3D" index="0"]
texture = SubResource("ViewportTexture_1n0ge")

[node name="TeamRing" parent="Background/Objects/Druid" index="2"]
visible = false

[node name="UiResourceBars" parent="Background/Objects/Druid/SubViewport" index="0"]
visible = false

[node name="VariantController" parent="Background/Objects/Druid" index="7"]
variant = "Druid"

[node name="PFCCharacter" parent="Background/Objects/Druid/MeshHolder" index="0"]
transform = Transform3D(0.93848, 0.332406, -0.0936044, 0.033062, 0.183324, 0.982496, 0.343747, -0.925148, 0.161056, -0.427859, -0.0235004, 0.00944909)

[node name="Skeleton3D" parent="Background/Objects/Druid/MeshHolder/PFCCharacter" index="0"]
bones/2/rotation = Quaternion(0.994356, 0.0977308, 0.0412476, 0.00166876)
bones/3/rotation = Quaternion(0.987241, 0.157215, -0.0252821, 0.000594665)
bones/4/rotation = Quaternion(0.998343, 0.0517093, 0.0252135, 0.00113579)
bones/5/rotation = Quaternion(-0.0112004, -0.011624, -0.0210351, 0.999648)
bones/6/rotation = Quaternion(0.44705, 0.536144, -0.447494, 0.558968)
bones/8/rotation = Quaternion(-0.0207023, -0.0124887, 0.0102274, 0.999655)
bones/9/rotation = Quaternion(0.594772, 0.597872, -0.193573, 0.501323)
bones/10/rotation = Quaternion(-0.606947, -0.0942126, -0.120178, 0.779934)
bones/11/rotation = Quaternion(-0.477408, -0.453674, -0.403202, 0.635366)
bones/12/rotation = Quaternion(0.39341, -0.147112, 0.0983447, 0.902172)
bones/13/rotation = Quaternion(-0.0339296, -0.20534, 0.0121537, 0.978027)
bones/14/rotation = Quaternion(-0.104188, 0.115007, -0.0468566, 0.986774)
bones/15/rotation = Quaternion(0.132764, 0.102494, -0.684562, 0.709396)
bones/16/rotation = Quaternion(0.113534, 0.123211, 0.0470518, 0.984741)
bones/17/rotation = Quaternion(-0.00313076, -0.0255119, -0.173552, 0.984489)
bones/18/rotation = Quaternion(-0.00878707, -0.0307678, -0.217833, 0.975461)
bones/21/rotation = Quaternion(0.088023, 0.0956178, 0.0738185, 0.988767)
bones/22/rotation = Quaternion(-0.0173576, -0.0240815, -0.194957, 0.980362)
bones/23/rotation = Quaternion(-0.064889, -0.0693279, -0.784721, 0.612532)
bones/26/rotation = Quaternion(0.452108, -0.614381, -0.624747, -0.166808)
bones/27/rotation = Quaternion(-0.563928, -0.008869, -0.0250481, 0.825396)
bones/28/rotation = Quaternion(-0.115416, -0.421551, -0.138394, 0.888719)
bones/29/rotation = Quaternion(-0.0438422, -0.141608, 0.141645, 0.978755)
bones/30/rotation = Quaternion(0.109846, -0.16642, -0.0340742, 0.979325)
bones/31/rotation = Quaternion(-0.11987, 0.102155, -0.142, 0.977257)
bones/32/rotation = Quaternion(-0.0145257, 0.202238, 0.657534, 0.725629)
bones/33/rotation = Quaternion(0.165992, 0.0230411, -0.0705323, 0.983332)
bones/34/rotation = Quaternion(-0.00282012, -0.0444995, -0.293745, 0.954843)
bones/35/rotation = Quaternion(-0.00755859, -0.0489791, -0.33673, 0.940296)
bones/38/rotation = Quaternion(0.0375602, 0.0561159, -0.0191201, 0.997534)
bones/39/rotation = Quaternion(-0.0152858, -0.0440784, -0.322111, 0.945552)
bones/40/rotation = Quaternion(-0.0021304, -0.134266, 0.345688, 0.928692)
bones/47/rotation = Quaternion(0.0861406, 0.684635, -0.723121, 0.0308452)
bones/48/rotation = Quaternion(0.602833, -0.0411986, 0.112668, 0.788797)
bones/49/rotation = Quaternion(0.850573, -0.405297, 0.261683, -0.20924)
bones/50/rotation = Quaternion(-0.00079076, -0.00180569, 0.27273, 0.962089)
bones/52/rotation = Quaternion(-0.59455, 0.247066, 0.0546839, 0.763202)
bones/53/rotation = Quaternion(0.694902, -0.0465069, 0.178746, 0.694981)
bones/54/rotation = Quaternion(0.938782, -0.342846, -0.00163561, -0.0337979)
bones/55/rotation = Quaternion(0.015764, -0.0141043, 0.240063, 0.970527)

[node name="Item_WarriorSholderArmor3" parent="Background/Objects/Druid/MeshHolder/PFCCharacter/Skeleton3D" index="0"]
transform = Transform3D(0.945561, -0.315508, -0.0798068, 0.020893, -0.185869, 0.982353, -0.324773, -0.930542, -0.169158, 0.488954, 1.67839, 1.258)

[node name="Item_WarriorSholderArmor_23" parent="Background/Objects/Druid/MeshHolder/PFCCharacter/Skeleton3D" index="1"]
transform = Transform3D(0.66043, -0.745127, 0.0928317, -0.600276, -0.598184, -0.530891, 0.451112, 0.294892, -0.84234, -0.0242507, 1.40737, -0.0249201)

[node name="Item_Sword3" parent="Background/Objects/Druid/MeshHolder/PFCCharacter/Skeleton3D" index="2"]
transform = Transform3D(0.983268, 0.181401, 0.0166594, -0.18008, 0.954145, 0.239122, 0.0274815, -0.238121, 0.970847, -0.209681, 0.031407, 0.30322)

[node name="Item_SwordHolder3" parent="Background/Objects/Druid/MeshHolder/PFCCharacter/Skeleton3D" index="3"]
transform = Transform3D(0.983268, 0.181401, 0.0166594, -0.18008, 0.954145, 0.239122, 0.0274815, -0.238121, 0.970847, -0.203781, 0.0624429, 0.295474)

[node name="Item_WaterCanteen3" parent="Background/Objects/Druid/MeshHolder/PFCCharacter/Skeleton3D" index="4"]
transform = Transform3D(1, 0, 1.19209e-07, 1.22324e-07, 1, 1.02818e-06, 1.16565e-08, -9.83477e-07, 1, 0, 0, 2.98023e-08)

[node name="Item_WaterBladder_013" parent="Background/Objects/Druid/MeshHolder/PFCCharacter/Skeleton3D" index="5"]
transform = Transform3D(1, 0, 1.19209e-07, 1.22324e-07, 1, 1.02818e-06, 1.16565e-08, -9.83477e-07, 1, -8.51179e-05, -0.00762296, 0.00102395)

[node name="SM_Prop_SpellBook_033" parent="Background/Objects/Druid/MeshHolder/PFCCharacter/Skeleton3D" index="6"]
transform = Transform3D(0.207507, 0.974658, -0.0835656, -0.85479, 0.139119, -0.499981, -0.475685, 0.17518, 0.861995, 0.214467, 0.981819, -0.0215693)

[node name="Item_Pouch3" parent="Background/Objects/Druid/MeshHolder/PFCCharacter/Skeleton3D" index="7"]
transform = Transform3D(1.05988, 0, 0, -4.71946e-09, 1.05859, -0.0522586, -3.12323e-08, 0.0522585, 1.05859, -0.0231286, -0.0655643, -0.0497768)

[node name="SM_Prop_Vials3" parent="Background/Objects/Druid/MeshHolder/PFCCharacter/Skeleton3D" index="8"]
transform = Transform3D(-0.0548625, 3.1665e-08, -0.998494, -1.49012e-08, 1, 3.25963e-08, 0.998494, -2.98023e-08, -0.0548625, -0.192773, 0.929564, 0.00871111)

[node name="Item_SwordSheath3" parent="Background/Objects/Druid/MeshHolder/PFCCharacter/Skeleton3D" index="9"]
transform = Transform3D(0.258133, -0.238648, 0.93617, 0.549586, 0.833217, 0.0608647, -0.794558, 0.498795, 0.346239, 0.207686, -0.602495, 0.627345)

[node name="Item_Dagger3" parent="Background/Objects/Druid/MeshHolder/PFCCharacter/Skeleton3D" index="10"]
transform = Transform3D(1, 0, 1.19209e-07, 1.22324e-07, 1, 1.02818e-06, 1.16565e-08, -9.83477e-07, 1, 0, 0, 2.98023e-08)

[node name="Item_CoinBag3" parent="Background/Objects/Druid/MeshHolder/PFCCharacter/Skeleton3D" index="11"]
transform = Transform3D(1, 0, 1.19209e-07, 1.22324e-07, 1, 1.02818e-06, 1.16565e-08, -9.83477e-07, 1, 0, 0, 2.98023e-08)

[node name="Character_Female_Druid" parent="Background/Objects/Druid/MeshHolder/PFCCharacter/Skeleton3D" index="14"]
visible = true

[node name="Character_Male_Wizard" parent="Background/Objects/Druid/MeshHolder/PFCCharacter/Skeleton3D" index="23"]
visible = false

[node name="Witch" parent="Background/Objects" instance=ExtResource("3_nij6m")]
process_mode = 4
transform = Transform3D(0.970658, 0, 0.240465, 0, 1, 0, -0.240465, 0, 0.970658, -0.797686, 0, -0.424061)

[node name="ResourceBars" parent="Background/Objects/Witch/CollisionShape3D" index="0"]
texture = SubResource("ViewportTexture_o5iwd")

[node name="TeamRing" parent="Background/Objects/Witch" index="2"]
visible = false

[node name="UiResourceBars" parent="Background/Objects/Witch/SubViewport" index="0"]
visible = false

[node name="VariantController" parent="Background/Objects/Witch" index="7"]
variant = "Witch"

[node name="PFCCharacter" parent="Background/Objects/Witch/MeshHolder" index="0"]
transform = Transform3D(0.774649, 0.0151224, -0.632211, 0.00236597, 0.999638, 0.0268102, 0.632387, -0.0222643, 0.774332, -0.0869152, 0.0453728, 0.187009)

[node name="Skeleton3D" parent="Background/Objects/Witch/MeshHolder/PFCCharacter" index="0"]
bones/2/rotation = Quaternion(0.987123, 0.158359, -0.00990927, -0.0203058)
bones/3/rotation = Quaternion(0.993804, 0.101196, 0.0189479, -0.0418834)
bones/4/rotation = Quaternion(0.993101, 0.107874, -0.0184078, -0.0421259)
bones/5/rotation = Quaternion(0.01243, -0.0143873, 0.00473054, 0.999808)
bones/6/rotation = Quaternion(0.446353, 0.557384, -0.419629, 0.560359)
bones/8/rotation = Quaternion(-0.0464519, 0.0106532, 0.0157484, 0.99874)
bones/9/rotation = Quaternion(0.568212, 0.65926, -0.239994, 0.430017)
bones/10/rotation = Quaternion(-0.511678, -0.274697, 0.0237025, 0.813735)
bones/11/rotation = Quaternion(-0.487661, -0.460604, -0.185551, 0.718054)
bones/12/rotation = Quaternion(0.0236083, -0.120327, 0.176527, 0.976628)
bones/13/rotation = Quaternion(0.115367, -0.0894443, -0.184594, 0.971913)
bones/14/rotation = Quaternion(-0.123634, 0.0539562, -0.0472247, 0.989734)
bones/15/rotation = Quaternion(0.166621, 0.0579157, -0.685586, 0.706296)
bones/16/rotation = Quaternion(0.053004, -0.0372332, -0.091522, 0.993694)
bones/17/rotation = Quaternion(-0.0026056, -0.00548755, -0.0457713, 0.998934)
bones/18/rotation = Quaternion(-0.0083339, 0.000229651, -0.00903425, 0.999924)
bones/21/rotation = Quaternion(0.0646085, 0.11917, -0.0517128, 0.989419)
bones/22/rotation = Quaternion(-0.0176727, -0.00326134, -0.0545443, 0.99835)
bones/23/rotation = Quaternion(-0.0706423, -0.067879, -0.661636, 0.743398)
bones/26/rotation = Quaternion(0.604963, -0.376833, -0.654908, -0.251223)
bones/27/rotation = Quaternion(-0.333679, -0.258187, -0.0496419, 0.905281)
bones/28/rotation = Quaternion(-0.342884, -0.480975, -0.163342, 0.790198)
bones/29/rotation = Quaternion(-0.0311376, -0.289961, 0.171189, 0.941088)
bones/30/rotation = Quaternion(0.120005, -0.04811, -0.192475, 0.972748)
bones/31/rotation = Quaternion(-0.119811, 0.0236535, -0.046494, 0.991425)
bones/32/rotation = Quaternion(-0.205047, -0.000509506, 0.672416, 0.711205)
bones/33/rotation = Quaternion(0.212382, -0.012168, 0.113608, 0.970484)
bones/34/rotation = Quaternion(-0.00160641, -0.00159426, -0.0240692, 0.999708)
bones/35/rotation = Quaternion(-0.00722524, 0.000132014, -0.0100326, 0.999924)
bones/38/rotation = Quaternion(0.151346, 0.130033, 0.147039, 0.968796)
bones/39/rotation = Quaternion(-0.0178373, -0.00349176, -0.0541913, 0.998365)
bones/40/rotation = Quaternion(0.0586512, -0.0806896, 0.654937, 0.749071)
bones/47/rotation = Quaternion(0.0773247, 0.573913, -0.792341, 0.19194)
bones/48/rotation = Quaternion(0.630513, -0.098037, 0.181509, 0.748262)
bones/49/rotation = Quaternion(0.91318, -0.381282, 0.0985975, -0.104906)
bones/50/rotation = Quaternion(0.110532, 0.00441484, 0.508196, 0.854108)
bones/52/rotation = Quaternion(-0.664749, 0.130777, 0.0714469, 0.732053)
bones/53/rotation = Quaternion(0.534399, -0.275947, 0.0479059, 0.797481)
bones/54/rotation = Quaternion(0.815625, -0.573616, -0.0347455, -0.0671817)
bones/55/rotation = Quaternion(-0.0276516, -0.0185064, 0.288205, 0.95699)

[node name="Item_WarriorSholderArmor3" parent="Background/Objects/Witch/MeshHolder/PFCCharacter/Skeleton3D" index="0"]
transform = Transform3D(0.730279, -0.583044, -0.356023, 0.592452, 0.281042, 0.754994, -0.340137, -0.762283, 0.550665, 0.809417, 0.952612, 1.10635)

[node name="Item_WarriorSholderArmor_23" parent="Background/Objects/Witch/MeshHolder/PFCCharacter/Skeleton3D" index="1"]
transform = Transform3D(0.993161, -0.00376582, -0.116694, -0.0567621, -0.888985, -0.454405, -0.102028, 0.457921, -0.883119, -0.0818337, 1.37841, 0.0755751)

[node name="Item_Sword3" parent="Background/Objects/Witch/MeshHolder/PFCCharacter/Skeleton3D" index="2"]
transform = Transform3D(0.973865, -0.0837942, 0.211108, 0.10559, 0.989941, -0.0941642, -0.201094, 0.113994, 0.972917, 0.10721, -0.0227559, -0.114972)

[node name="Item_SwordHolder3" parent="Background/Objects/Witch/MeshHolder/PFCCharacter/Skeleton3D" index="3"]
transform = Transform3D(0.973865, -0.0837942, 0.211108, 0.10559, 0.989941, -0.0941642, -0.201094, 0.113994, 0.972917, 0.104484, 0.00944436, -0.111264)

[node name="Item_WaterCanteen3" parent="Background/Objects/Witch/MeshHolder/PFCCharacter/Skeleton3D" index="4"]
transform = Transform3D(1, 0, 1.19209e-07, 1.22324e-07, 1, 1.02818e-06, 1.16565e-08, -9.83477e-07, 1, 0, 0, 2.98023e-08)

[node name="Item_WaterBladder_013" parent="Background/Objects/Witch/MeshHolder/PFCCharacter/Skeleton3D" index="5"]
transform = Transform3D(1, 0, 1.19209e-07, 1.22324e-07, 1, 1.02818e-06, 1.16565e-08, -9.83477e-07, 1, -8.51179e-05, -0.00762296, 0.00102395)

[node name="SM_Prop_SpellBook_033" parent="Background/Objects/Witch/MeshHolder/PFCCharacter/Skeleton3D" index="6"]
transform = Transform3D(0.207507, 0.974658, -0.0835656, -0.85479, 0.139119, -0.499981, -0.475685, 0.17518, 0.861995, 0.214467, 0.981819, -0.0215693)

[node name="Item_Pouch3" parent="Background/Objects/Witch/MeshHolder/PFCCharacter/Skeleton3D" index="7"]
transform = Transform3D(1.05988, 0, 0, -4.71946e-09, 1.05859, -0.0522586, -3.12323e-08, 0.0522585, 1.05859, -0.0231286, -0.0655643, -0.0497768)

[node name="SM_Prop_Vials3" parent="Background/Objects/Witch/MeshHolder/PFCCharacter/Skeleton3D" index="8"]
transform = Transform3D(-0.0548625, 3.1665e-08, -0.998494, -1.49012e-08, 1, 3.25963e-08, 0.998494, -2.98023e-08, -0.0548625, -0.192773, 0.929564, 0.00871111)

[node name="Item_SwordSheath3" parent="Background/Objects/Witch/MeshHolder/PFCCharacter/Skeleton3D" index="9"]
transform = Transform3D(0.258133, -0.238648, 0.93617, 0.549586, 0.833217, 0.0608647, -0.794558, 0.498795, 0.346239, 0.207686, -0.602495, 0.627345)

[node name="Item_Dagger3" parent="Background/Objects/Witch/MeshHolder/PFCCharacter/Skeleton3D" index="10"]
transform = Transform3D(1, 0, 1.19209e-07, 1.22324e-07, 1, 1.02818e-06, 1.16565e-08, -9.83477e-07, 1, 0, 0, 2.98023e-08)

[node name="Item_CoinBag3" parent="Background/Objects/Witch/MeshHolder/PFCCharacter/Skeleton3D" index="11"]
transform = Transform3D(1, 0, 1.19209e-07, 1.22324e-07, 1, 1.02818e-06, 1.16565e-08, -9.83477e-07, 1, 0, 0, 2.98023e-08)

[node name="Character_Female_Witch" parent="Background/Objects/Witch/MeshHolder/PFCCharacter/Skeleton3D" index="12"]
visible = true

[node name="Character_Male_Wizard" parent="Background/Objects/Witch/MeshHolder/PFCCharacter/Skeleton3D" index="23"]
visible = false

[node name="Rogue" parent="Background/Objects" instance=ExtResource("3_nij6m")]
process_mode = 4
transform = Transform3D(0.723172, 0, -0.690668, 0, 1, 0, 0.690668, 0, 0.723172, 1.44669, 0, 2.66951)

[node name="ResourceBars" parent="Background/Objects/Rogue/CollisionShape3D" index="0"]
texture = SubResource("ViewportTexture_hkyxm")

[node name="TeamRing" parent="Background/Objects/Rogue" index="2"]
visible = false

[node name="UiResourceBars" parent="Background/Objects/Rogue/SubViewport" index="0"]
visible = false

[node name="VariantController" parent="Background/Objects/Rogue" index="7"]
variant = "Rouge"

[node name="PFCCharacter" parent="Background/Objects/Rogue/MeshHolder" index="0"]
transform = Transform3D(0.997411, 0.00688119, -0.0715845, -0.0342903, 0.920474, -0.389295, 0.0632129, 0.390742, 0.918327, -0.0668155, -0.0446873, -0.246247)

[node name="Skeleton3D" parent="Background/Objects/Rogue/MeshHolder/PFCCharacter" index="0"]
bones/2/rotation = Quaternion(0.979288, 0.202076, -0.00636577, -0.0109214)
bones/3/rotation = Quaternion(0.999597, 0.0125356, 0.00897755, -0.0238392)
bones/4/rotation = Quaternion(0.980313, 0.195799, -0.0086722, -0.0239542)
bones/5/rotation = Quaternion(0.00510171, -0.0169295, 0.0249684, 0.999532)
bones/6/rotation = Quaternion(0.432383, 0.561207, -0.410818, 0.573864)
bones/8/rotation = Quaternion(-0.0666611, 0.00307696, 0.0174119, 0.997619)
bones/9/rotation = Quaternion(0.58941, 0.421071, -0.331542, 0.604463)
bones/10/rotation = Quaternion(-0.511482, -0.574988, -0.120274, 0.627144)
bones/11/rotation = Quaternion(-0.177226, -0.340424, 0.0302907, 0.922922)
bones/12/rotation = Quaternion(0.0649419, -0.0343845, 0.343951, 0.936108)
bones/13/rotation = Quaternion(0.055736, -0.204471, -0.116354, 0.970333)
bones/14/rotation = Quaternion(-0.120557, 0.0117045, -0.046057, 0.991568)
bones/15/rotation = Quaternion(0.214455, 0.0186269, -0.677381, 0.703432)
bones/16/rotation = Quaternion(0.0843645, -0.0424282, 0.0415196, 0.994665)
bones/17/rotation = Quaternion(-0.00129017, -0.00856228, -0.0672571, 0.997698)
bones/18/rotation = Quaternion(-0.00599041, 0.00501327, 0.0220469, 0.999726)
bones/21/rotation = Quaternion(0.0830096, 0.0526193, 0.0709273, 0.992628)
bones/22/rotation = Quaternion(-0.0178651, -0.00358898, -0.0545388, 0.998345)
bones/23/rotation = Quaternion(-0.0693894, -0.0690849, -0.698042, 0.70933)
bones/26/rotation = Quaternion(0.542875, -0.512329, -0.544869, -0.381999)
bones/27/rotation = Quaternion(-0.659499, -0.416404, -0.294108, 0.552422)
bones/28/rotation = Quaternion(-0.0716741, -0.285525, -0.079174, 0.952402)
bones/29/rotation = Quaternion(0.0203022, -0.106342, 0.249524, 0.962298)
bones/30/rotation = Quaternion(0.0153305, -0.182624, 0.0622755, 0.981089)
bones/31/rotation = Quaternion(-0.120663, 0.0101096, -0.0459817, 0.991576)
bones/32/rotation = Quaternion(-0.136827, 0.0688864, 0.697948, 0.699572)
bones/33/rotation = Quaternion(0.0847974, 0.0276682, -0.0245566, 0.995711)
bones/34/rotation = Quaternion(-0.00120359, -0.000890115, -0.0179631, 0.999838)
bones/35/rotation = Quaternion(-0.00719043, -0.00156073, -0.0211073, 0.99975)
bones/38/rotation = Quaternion(0.0747075, 0.0952602, 0.00389838, 0.992638)
bones/39/rotation = Quaternion(-0.0180881, -0.00151909, -0.0409119, 0.998998)
bones/40/rotation = Quaternion(0.0618734, -0.0770214, 0.670769, 0.735057)
bones/47/rotation = Quaternion(0.168615, 0.617976, -0.765399, -0.0619579)
bones/48/rotation = Quaternion(0.563868, -0.352473, 0.433623, 0.6081)
bones/49/rotation = Quaternion(0.701484, -0.692655, 0.121554, -0.115647)
bones/50/rotation = Quaternion(0.0471882, -0.0124042, 0.493958, 0.868116)
bones/52/rotation = Quaternion(-0.595116, 0.497218, -0.34343, 0.529781)
bones/53/rotation = Quaternion(0.450103, -0.585451, 0.229296, 0.634096)
bones/54/rotation = Quaternion(0.858176, -0.48301, -0.141035, 0.101712)
bones/55/rotation = Quaternion(0.132962, -0.106321, 0.334031, 0.92706)

[node name="Item_WarriorSholderArmor3" parent="Background/Objects/Rogue/MeshHolder/PFCCharacter/Skeleton3D" index="0"]
transform = Transform3D(0.244021, 0.342571, -0.907248, 0.147252, 0.911593, 0.383818, 0.958526, -0.227254, 0.172003, -0.378398, 0.142279, 0.284546)

[node name="Item_WarriorSholderArmor_23" parent="Background/Objects/Rogue/MeshHolder/PFCCharacter/Skeleton3D" index="1"]
transform = Transform3D(0.993438, -0.114067, -0.00829919, -0.100506, -0.905352, 0.412598, -0.0545772, -0.409056, -0.910876, -0.0752219, 1.3455, 0.14704)

[node name="Item_Sword3" parent="Background/Objects/Rogue/MeshHolder/PFCCharacter/Skeleton3D" index="2"]
transform = Transform3D(0.991985, -0.0149263, 0.125472, 0.0783608, 0.851658, -0.518208, -0.0991245, 0.523886, 0.846001, 0.0182188, 0.145046, -0.618142)

[node name="Item_SwordHolder3" parent="Background/Objects/Rogue/MeshHolder/PFCCharacter/Skeleton3D" index="3"]
transform = Transform3D(0.991985, -0.0149263, 0.125472, 0.0783608, 0.851658, -0.518208, -0.0991245, 0.523886, 0.846001, 0.0177333, 0.172748, -0.601102)

[node name="Item_WaterCanteen3" parent="Background/Objects/Rogue/MeshHolder/PFCCharacter/Skeleton3D" index="4"]
transform = Transform3D(1, 0, 1.19209e-07, 1.22324e-07, 1, 1.02818e-06, 1.16565e-08, -9.83477e-07, 1, 0, 0, 2.98023e-08)

[node name="Item_WaterBladder_013" parent="Background/Objects/Rogue/MeshHolder/PFCCharacter/Skeleton3D" index="5"]
transform = Transform3D(1, 0, 1.19209e-07, 1.22324e-07, 1, 1.02818e-06, 1.16565e-08, -9.83477e-07, 1, -8.51179e-05, -0.00762296, 0.00102395)

[node name="SM_Prop_SpellBook_033" parent="Background/Objects/Rogue/MeshHolder/PFCCharacter/Skeleton3D" index="6"]
transform = Transform3D(0.207507, 0.974658, -0.0835656, -0.85479, 0.139119, -0.499981, -0.475685, 0.17518, 0.861995, 0.214467, 0.981819, -0.0215693)

[node name="Item_Pouch3" parent="Background/Objects/Rogue/MeshHolder/PFCCharacter/Skeleton3D" index="7"]
transform = Transform3D(1.05988, 0, 0, -4.71946e-09, 1.05859, -0.0522586, -3.12323e-08, 0.0522585, 1.05859, -0.0231286, -0.0655643, -0.0497768)

[node name="SM_Prop_Vials3" parent="Background/Objects/Rogue/MeshHolder/PFCCharacter/Skeleton3D" index="8"]
transform = Transform3D(-0.0548625, 3.1665e-08, -0.998494, -1.49012e-08, 1, 3.25963e-08, 0.998494, -2.98023e-08, -0.0548625, -0.192773, 0.929564, 0.00871111)

[node name="Item_SwordSheath3" parent="Background/Objects/Rogue/MeshHolder/PFCCharacter/Skeleton3D" index="9"]
transform = Transform3D(0.258133, -0.238648, 0.93617, 0.549586, 0.833217, 0.0608647, -0.794558, 0.498795, 0.346239, 0.207686, -0.602495, 0.627345)

[node name="Item_Dagger3" parent="Background/Objects/Rogue/MeshHolder/PFCCharacter/Skeleton3D" index="10"]
transform = Transform3D(1, 0, 1.19209e-07, 1.22324e-07, 1, 1.02818e-06, 1.16565e-08, -9.83477e-07, 1, 0, 0, 2.98023e-08)

[node name="Item_CoinBag3" parent="Background/Objects/Rogue/MeshHolder/PFCCharacter/Skeleton3D" index="11"]
transform = Transform3D(1, 0, 1.19209e-07, 1.22324e-07, 1, 1.02818e-06, 1.16565e-08, -9.83477e-07, 1, 0, 0, 2.98023e-08)

[node name="Character_Male_Rouge_01" parent="Background/Objects/Rogue/MeshHolder/PFCCharacter/Skeleton3D" index="22"]
transform = Transform3D(1, 0, 7.10543e-15, 0, 1, 0, -7.10543e-15, 0, 1, 0, 0, 0)
visible = true

[node name="Character_Male_Wizard" parent="Background/Objects/Rogue/MeshHolder/PFCCharacter/Skeleton3D" index="23"]
visible = false

[node name="Bard" parent="Background/Objects" instance=ExtResource("3_nij6m")]
process_mode = 4
transform = Transform3D(-0.276074, 0, 0.961137, 0, 1, 0, -0.961137, 0, -0.276074, -1.49312, 0, 2.07662)

[node name="ResourceBars" parent="Background/Objects/Bard/CollisionShape3D" index="0"]
texture = SubResource("ViewportTexture_hmev2")

[node name="TeamRing" parent="Background/Objects/Bard" index="2"]
visible = false

[node name="UiResourceBars" parent="Background/Objects/Bard/SubViewport" index="0"]
visible = false

[node name="VariantController" parent="Background/Objects/Bard" index="7"]
variant = "Baird"

[node name="PFCCharacter" parent="Background/Objects/Bard/MeshHolder" index="0"]
transform = Transform3D(0.81945, 0.0150403, -0.572953, 0.122813, 0.971829, 0.201161, 0.559838, -0.235208, 0.794518, -0.0378968, 0.0397323, 0.282164)

[node name="Skeleton3D" parent="Background/Objects/Bard/MeshHolder/PFCCharacter" index="0"]
bones/2/rotation = Quaternion(0.988567, 0.145881, -0.0381397, 0.000323763)
bones/3/rotation = Quaternion(0.99038, 0.126679, 0.0556477, -0.00202892)
bones/4/rotation = Quaternion(0.995058, 0.0822214, -0.0555626, -0.00344402)
bones/5/rotation = Quaternion(0.0442036, -0.0152428, 0.00593475, 0.998889)
bones/6/rotation = Quaternion(0.462172, 0.572225, -0.401668, 0.545545)
bones/8/rotation = Quaternion(-0.047617, 0.0421063, 0.0203314, 0.997771)
bones/9/rotation = Quaternion(0.481176, 0.681469, -0.37952, 0.400043)
bones/10/rotation = Quaternion(-0.0832243, -0.271187, -0.104224, 0.953241)
bones/11/rotation = Quaternion(0.108886, -0.426533, -0.047455, 0.896639)
bones/12/rotation = Quaternion(0.0255533, -0.0704315, 0.131405, 0.988493)
bones/13/rotation = Quaternion(0.0698005, -0.0912271, -0.0500815, 0.992118)
bones/14/rotation = Quaternion(-0.107571, 0.130316, -0.114015, 0.979003)
bones/15/rotation = Quaternion(0.124814, 0.112728, -0.731908, 0.660322)
bones/16/rotation = Quaternion(0.0863842, 0.145866, -0.100938, 0.980343)
bones/17/rotation = Quaternion(-0.00326159, -0.0446044, -0.291847, 0.955419)
bones/18/rotation = Quaternion(-0.00845501, -0.0449342, -0.309959, 0.94965)
bones/21/rotation = Quaternion(0.0675232, 0.0753437, -0.123676, 0.987152)
bones/22/rotation = Quaternion(-0.0170102, -0.0402375, -0.304242, 0.951593)
bones/23/rotation = Quaternion(-0.0547666, -0.0694044, -0.918959, 0.384314)
bones/26/rotation = Quaternion(0.686015, -0.481138, -0.385209, -0.386656)
bones/27/rotation = Quaternion(-0.586704, 0.0182531, -0.136532, 0.798)
bones/28/rotation = Quaternion(-0.438772, -0.231818, -0.0865348, 0.863858)
bones/29/rotation = Quaternion(0.144922, -0.130023, 0.0470698, 0.979733)
bones/30/rotation = Quaternion(0.104936, -0.139019, 0.0153962, 0.984594)
bones/31/rotation = Quaternion(-0.121901, 0.0857823, -0.137139, 0.979272)
bones/32/rotation = Quaternion(-0.0273828, 0.190826, 0.659302, 0.726744)
bones/33/rotation = Quaternion(0.143355, 0.0887988, 0.0144497, 0.985574)
bones/34/rotation = Quaternion(-0.00263924, -0.0250402, -0.172807, 0.984634)
bones/35/rotation = Quaternion(-0.00800304, -0.0306806, -0.217112, 0.975632)
bones/38/rotation = Quaternion(0.0336926, 0.0958408, 0.0549528, 0.993307)
bones/39/rotation = Quaternion(-0.0156714, -0.0332193, -0.247893, 0.968091)
bones/40/rotation = Quaternion(0.011001, -0.124856, 0.416867, 0.900284)
bones/47/rotation = Quaternion(0.0901593, 0.555302, -0.770901, 0.298701)
bones/48/rotation = Quaternion(0.624226, -0.162526, 0.153401, 0.748595)
bones/49/rotation = Quaternion(0.751386, -0.645777, 0.0856364, -0.105158)
bones/50/rotation = Quaternion(0.0169279, -0.086037, 0.272558, 0.958135)
bones/52/rotation = Quaternion(-0.677184, 0.051151, -0.0114889, 0.733944)
bones/53/rotation = Quaternion(0.524813, -0.237836, 0.168026, 0.799858)
bones/54/rotation = Quaternion(0.821564, -0.564463, 0.0224819, -0.0768659)
bones/55/rotation = Quaternion(-0.0039936, -0.0123647, 0.27272, 0.962006)

[node name="Item_WarriorSholderArmor3" parent="Background/Objects/Bard/MeshHolder/PFCCharacter/Skeleton3D" index="0"]
transform = Transform3D(0.975383, -0.046813, -0.215489, 0.126351, 0.919531, 0.372154, 0.180727, -0.39022, 0.90281, -0.00131398, 0.133889, 0.536923)

[node name="Item_WarriorSholderArmor_23" parent="Background/Objects/Bard/MeshHolder/PFCCharacter/Skeleton3D" index="1"]
transform = Transform3D(0.800161, 0.440129, 0.407465, 0.476743, -0.878944, 0.0131975, 0.363947, 0.183696, -0.913126, -0.133973, 1.36441, 0.036348)

[node name="Item_Sword3" parent="Background/Objects/Bard/MeshHolder/PFCCharacter/Skeleton3D" index="2"]
transform = Transform3D(0.955667, -0.294406, 0.00506271, 0.294206, 0.955434, 0.0242594, -0.0119792, -0.0216945, 0.999693, 0.35655, 0.0248464, 0.0528292)

[node name="Item_SwordHolder3" parent="Background/Objects/Bard/MeshHolder/PFCCharacter/Skeleton3D" index="3"]
transform = Transform3D(0.955667, -0.294406, 0.00506271, 0.294206, 0.955434, 0.0242594, -0.0119792, -0.0216945, 0.999693, 0.346974, 0.0559242, 0.0521235)

[node name="Item_WaterCanteen3" parent="Background/Objects/Bard/MeshHolder/PFCCharacter/Skeleton3D" index="4"]
transform = Transform3D(1, 0, 1.19209e-07, 1.22324e-07, 1, 1.02818e-06, 1.16565e-08, -9.83477e-07, 1, 0, 0, 2.98023e-08)

[node name="Item_WaterBladder_013" parent="Background/Objects/Bard/MeshHolder/PFCCharacter/Skeleton3D" index="5"]
transform = Transform3D(1, 0, 1.19209e-07, 1.22324e-07, 1, 1.02818e-06, 1.16565e-08, -9.83477e-07, 1, -8.51179e-05, -0.00762296, 0.00102395)

[node name="SM_Prop_SpellBook_033" parent="Background/Objects/Bard/MeshHolder/PFCCharacter/Skeleton3D" index="6"]
transform = Transform3D(0.207507, 0.974658, -0.0835656, -0.85479, 0.139119, -0.499981, -0.475685, 0.17518, 0.861995, 0.214467, 0.981819, -0.0215693)

[node name="Item_Pouch3" parent="Background/Objects/Bard/MeshHolder/PFCCharacter/Skeleton3D" index="7"]
transform = Transform3D(1.05988, 0, 0, -4.71946e-09, 1.05859, -0.0522586, -3.12323e-08, 0.0522585, 1.05859, -0.0231286, -0.0655643, -0.0497768)

[node name="SM_Prop_Vials3" parent="Background/Objects/Bard/MeshHolder/PFCCharacter/Skeleton3D" index="8"]
transform = Transform3D(-0.0548625, 3.1665e-08, -0.998494, -1.49012e-08, 1, 3.25963e-08, 0.998494, -2.98023e-08, -0.0548625, -0.192773, 0.929564, 0.00871111)

[node name="Item_SwordSheath3" parent="Background/Objects/Bard/MeshHolder/PFCCharacter/Skeleton3D" index="9"]
transform = Transform3D(0.258133, -0.238648, 0.93617, 0.549586, 0.833217, 0.0608647, -0.794558, 0.498795, 0.346239, 0.207686, -0.602495, 0.627345)

[node name="Item_Dagger3" parent="Background/Objects/Bard/MeshHolder/PFCCharacter/Skeleton3D" index="10"]
transform = Transform3D(1, 0, 1.19209e-07, 1.22324e-07, 1, 1.02818e-06, 1.16565e-08, -9.83477e-07, 1, 0, 0, 2.98023e-08)

[node name="Item_CoinBag3" parent="Background/Objects/Bard/MeshHolder/PFCCharacter/Skeleton3D" index="11"]
transform = Transform3D(1, 0, 1.19209e-07, 1.22324e-07, 1, 1.02818e-06, 1.16565e-08, -9.83477e-07, 1, 0, 0, 2.98023e-08)

[node name="Character_Male_Baird" parent="Background/Objects/Bard/MeshHolder/PFCCharacter/Skeleton3D" index="18"]
visible = true

[node name="Character_Male_Wizard" parent="Background/Objects/Bard/MeshHolder/PFCCharacter/Skeleton3D" index="23"]
visible = false

[node name="Ork" parent="Background/Objects" instance=ExtResource("2_e2pfm")]
process_mode = 4
transform = Transform3D(-0.422887, 0, -0.906182, 0, 1, 0, 0.906182, 0, -0.422887, -3.93432, 0, 0.71533)

[node name="ResourceBars" parent="Background/Objects/Ork/CollisionShape3D" index="0"]
texture = SubResource("ViewportTexture_u0rga")

[node name="TeamRing" parent="Background/Objects/Ork" index="2"]
visible = false

[node name="UiResourceBars" parent="Background/Objects/Ork/SubViewport" index="0"]
visible = false

[node name="VariantController" parent="Background/Objects/Ork" index="7"]
variant = "Ork"

[node name="PFRCharacterBR" parent="Background/Objects/Ork" index="9"]
transform = Transform3D(1.1855, -0.0378548, 0.18209, 0.0468647, 1.19777, -0.056108, -0.179982, 0.0625413, 1.18478, -0.174205, -0.0975307, 0.114965)

[node name="Skeleton3D" parent="Background/Objects/Ork/PFRCharacterBR" index="0"]
bones/3/rotation = Quaternion(0.0107273, 0.0639258, 0.120661, 0.990575)
bones/4/rotation = Quaternion(-0.0182328, 0.0585346, 0.0552169, 0.99659)
bones/5/rotation = Quaternion(0.291864, 0.0179413, 0.0828591, 0.952695)
bones/6/rotation = Quaternion(0.0996304, -0.0353146, -0.0034512, 0.994392)
bones/7/rotation = Quaternion(-0.0285863, -0.0354658, 0.00110064, 0.998961)
bones/8/rotation = Quaternion(-0.028587, -0.0354659, 0.00110041, 0.998961)
bones/10/rotation = Quaternion(0.589749, 0.421802, 0.545381, -0.420524)
bones/11/rotation = Quaternion(-0.436426, 0.824933, -0.127978, 0.335618)
bones/12/rotation = Quaternion(0.125488, -0.911763, 0.0798385, 0.382839)
bones/13/rotation = Quaternion(0.120591, 0.30841, 0.394499, 0.857153)
bones/14/rotation = Quaternion(0.108869, 0.817091, 0.390404, 0.409993)
bones/14/scale = Vector3(1.00023, 0.999823, 0.999945)
bones/15/rotation = Quaternion(0.240176, -0.00861152, -0.0143783, 0.970585)
bones/16/rotation = Quaternion(0.200317, 0.00368382, -0.0356449, 0.979076)
bones/16/scale = Vector3(1, 0.999967, 1.00003)
bones/17/rotation = Quaternion(0.163778, -0.00634991, -0.0132686, 0.986388)
bones/19/rotation = Quaternion(0.041012, -0.00115715, 0.0491811, 0.997947)
bones/20/rotation = Quaternion(0.298526, -0.00480683, 0.0645498, 0.952204)
bones/21/rotation = Quaternion(0.226562, -0.00667675, -0.00495981, 0.973961)
bones/22/rotation = Quaternion(0.18484, 0.000583902, 0.0489287, 0.98155)
bones/23/rotation = Quaternion(0.113134, -0.00755098, 0.0701272, 0.991073)
bones/25/rotation = Quaternion(0.146743, -0.710087, -0.545424, -0.420423)
bones/26/rotation = Quaternion(0.419206, 0.77943, 0.229085, -0.40531)
bones/27/rotation = Quaternion(0.370193, 0.73457, -0.31138, 0.475822)
bones/28/rotation = Quaternion(0.34236, -0.491005, -0.749634, 0.282405)
bones/29/rotation = Quaternion(-0.0249958, -0.646477, -0.387081, 0.656971)
bones/29/scale = Vector3(1.0003, 0.999727, 0.999974)
bones/30/rotation = Quaternion(0.191946, 0.00485671, 0.133676, 0.972247)
bones/30/scale = Vector3(1.00001, 0.999987, 1)
bones/31/rotation = Quaternion(0.0628195, 0.710655, 0.366117, -0.59748)
bones/31/scale = Vector3(1.0001, 0.999905, 0.999991)
bones/32/rotation = Quaternion(0.161401, -0.0303606, 0.303678, 0.938513)
bones/34/rotation = Quaternion(-0.0660445, -0.00283886, 0.00482094, 0.997801)
bones/35/rotation = Quaternion(0.213358, -0.0116227, -0.0319123, 0.976384)
bones/36/rotation = Quaternion(-0.423099, -0.203855, 0.26787, 0.841235)
bones/37/rotation = Quaternion(0.267381, -0.106557, -0.0828898, 0.954087)
bones/38/rotation = Quaternion(0.0905332, 0.00534492, -0.0222267, 0.995631)
bones/40/rotation = Quaternion(-0.0293204, -0.0216368, 0.984613, -0.170905)
bones/41/rotation = Quaternion(0.0588515, 0.891385, -0.445129, 0.0618819)
bones/42/rotation = Quaternion(0.0761562, -0.76244, 0.642562, -0.000304494)
bones/43/rotation = Quaternion(0.195545, 0.943839, 0.173362, 0.202178)
bones/45/rotation = Quaternion(-0.184739, 0.249566, 0.949454, 0.0460977)
bones/46/rotation = Quaternion(0.0301225, 0.884724, -0.462076, -0.0533017)
bones/47/rotation = Quaternion(-0.0400871, -0.505936, 0.861149, -0.0290548)
bones/48/rotation = Quaternion(-0.0885897, 0.990039, 0.0339299, -0.10404)

[node name="Character_Big_Ork_01" parent="Background/Objects/Ork/PFRCharacterBR/Skeleton3D" index="6"]
visible = true

[node name="Character_Dwarf_01" parent="Background/Objects/Ork/PFRCharacterBR/Skeleton3D" index="10"]
visible = false

[node name="Ork2" parent="Background/Objects" instance=ExtResource("2_e2pfm")]
process_mode = 4
transform = Transform3D(0.82268, 0, -0.568504, 0, 1, 0, 0.568504, 0, 0.82268, -2.58407, 0, 4.55586)

[node name="ResourceBars" parent="Background/Objects/Ork2/CollisionShape3D" index="0"]
texture = SubResource("ViewportTexture_bqcgs")

[node name="TeamRing" parent="Background/Objects/Ork2" index="2"]
visible = false

[node name="UiResourceBars" parent="Background/Objects/Ork2/SubViewport" index="0"]
visible = false

[node name="VariantController" parent="Background/Objects/Ork2" index="7"]
variant = "Ork"

[node name="PFRCharacterBR" parent="Background/Objects/Ork2" index="9"]
transform = Transform3D(1.1855, -0.0378548, 0.18209, 0.0468647, 1.19777, -0.056108, -0.179982, 0.0625413, 1.18478, -0.174205, -0.0975307, 0.114965)

[node name="Skeleton3D" parent="Background/Objects/Ork2/PFRCharacterBR" index="0"]
bones/3/rotation = Quaternion(0.0107273, 0.0639258, 0.120661, 0.990575)
bones/4/rotation = Quaternion(-0.0182328, 0.0585346, 0.0552169, 0.99659)
bones/5/rotation = Quaternion(0.291864, 0.0179413, 0.0828591, 0.952695)
bones/6/rotation = Quaternion(0.0996304, -0.0353146, -0.0034512, 0.994392)
bones/7/rotation = Quaternion(-0.0285863, -0.0354658, 0.00110064, 0.998961)
bones/8/rotation = Quaternion(-0.028587, -0.0354659, 0.00110041, 0.998961)
bones/10/rotation = Quaternion(0.589749, 0.421802, 0.545381, -0.420524)
bones/11/rotation = Quaternion(-0.436426, 0.824933, -0.127978, 0.335618)
bones/12/rotation = Quaternion(0.125488, -0.911763, 0.0798385, 0.382839)
bones/13/rotation = Quaternion(0.120591, 0.30841, 0.394499, 0.857153)
bones/14/rotation = Quaternion(0.108869, 0.817091, 0.390404, 0.409993)
bones/14/scale = Vector3(1.00023, 0.999823, 0.999945)
bones/15/rotation = Quaternion(0.240176, -0.00861152, -0.0143783, 0.970585)
bones/16/rotation = Quaternion(0.200317, 0.00368382, -0.0356449, 0.979076)
bones/16/scale = Vector3(1, 0.999967, 1.00003)
bones/17/rotation = Quaternion(0.163778, -0.00634991, -0.0132686, 0.986388)
bones/19/rotation = Quaternion(0.041012, -0.00115715, 0.0491811, 0.997947)
bones/20/rotation = Quaternion(0.298526, -0.00480683, 0.0645498, 0.952204)
bones/21/rotation = Quaternion(0.226562, -0.00667675, -0.00495981, 0.973961)
bones/22/rotation = Quaternion(0.18484, 0.000583902, 0.0489287, 0.98155)
bones/23/rotation = Quaternion(0.113134, -0.00755098, 0.0701272, 0.991073)
bones/25/rotation = Quaternion(0.146743, -0.710087, -0.545424, -0.420423)
bones/26/rotation = Quaternion(0.419206, 0.77943, 0.229085, -0.40531)
bones/27/rotation = Quaternion(0.370193, 0.73457, -0.31138, 0.475822)
bones/28/rotation = Quaternion(0.34236, -0.491005, -0.749634, 0.282405)
bones/29/rotation = Quaternion(-0.0249958, -0.646477, -0.387081, 0.656971)
bones/29/scale = Vector3(1.0003, 0.999727, 0.999974)
bones/30/rotation = Quaternion(0.191946, 0.00485671, 0.133676, 0.972247)
bones/30/scale = Vector3(1.00001, 0.999987, 1)
bones/31/rotation = Quaternion(0.0628195, 0.710655, 0.366117, -0.59748)
bones/31/scale = Vector3(1.0001, 0.999905, 0.999991)
bones/32/rotation = Quaternion(0.161401, -0.0303606, 0.303678, 0.938513)
bones/34/rotation = Quaternion(-0.0660445, -0.00283886, 0.00482094, 0.997801)
bones/35/rotation = Quaternion(0.213358, -0.0116227, -0.0319123, 0.976384)
bones/36/rotation = Quaternion(-0.423099, -0.203855, 0.26787, 0.841235)
bones/37/rotation = Quaternion(0.267381, -0.106557, -0.0828898, 0.954087)
bones/38/rotation = Quaternion(0.0905332, 0.00534492, -0.0222267, 0.995631)
bones/40/rotation = Quaternion(-0.0293204, -0.0216368, 0.984613, -0.170905)
